<?xml version="1.0" encoding="UTF-8" standalone="no" ?>
<SimscapeMultibodyImportXML version="2.0" xmlns="urn:mathworks:SimscapeMultibody:import" xmlns:xsi="http://www.w3.org/2001/XMLSchema-instance">
<Created by="" on="01/14/26||10:33:44" using="Simscape Multibody Link Version 7.4" from="SolidWorks 33.3.0"/>
<ModelUnits mass="kilogram" length="millimeter"/>
<DataUnits mass="kilogram" length="meter"/>
<RootAssembly name="main_assControl" uid="main_assControl" version="198">
<AssemblyFile name="main_assControl.SLDASM" type="SolidWorks Assembly"/>
<InstanceTree>
<Instance name="linkage_1-2" uid="linkage_1-2" entityUid="linkage_1*:*Default">
<Transform>
<Rotation>-0.20642725315725183 -0.46096607434688008 -0.86307477512390463 0.97256874425538675 1.1837057822886555e-16 -0.2326156437075978 0.10722792011156398 -0.88741775861272165 0.44832119607188042</Rotation>
<Translation>1.1301619972310744 1.2730072310718703 1.1695162352965656</Translation>
</Transform>
</Instance>
<Instance name="Linkage2_62-2" uid="Linkage2_62-2" entityUid="Linkage2_62*:*Default">
<Transform>
<Rotation>0.75970622449625724 -0.45864662951216706 0.46096607434687809 0.51683282767426053 0.85608634391527838 -1.8024861117571511e-15 -0.39462676125659646 0.23824239966660166 0.88741775861272265</Rotation>
<Translation>1.4456019941365312 1.8718227053987921 1.0248187286045298</Translation>
</Transform>
</Instance>
<Instance name="Linkage2-1" uid="Linkage2-1" entityUid="Linkage2*:*Default">
<Transform>
<Rotation>-0.27914526615211116 -0.84237058275208898 0.46096607434687942 0.94923791481133524 -0.31455902639191297 -7.9103390504542404e-16 0.14500103954625729 0.43756647521179853 0.88741775861272176</Rotation>
<Translation>0.94992244997276598 1.5513863522404541 1.2220104704970711</Translation>
</Transform>
</Instance>
<Instance name="Linkage2_62-1" uid="Linkage2_62-1" entityUid="Linkage2_62*:*Default">
<Transform>
<Rotation>0.75970622449624947 -0.45864662951217955 0.46096607434687803 0.51683282767427563 0.85608634391526917 -4.1740699438519435e-15 -0.39462676125659107 0.23824239966661054 0.88741775861272243</Rotation>
<Translation>1.4087247081887535 1.871822705398803 0.95382530791553111</Translation>
</Transform>
</Instance>
<Instance name="RA25262001_prototype_base-1" uid="RA25262001_prototype_base-1" grounded="true" entityUid="RA25262001_prototype_base*:*Default">
<Transform>
<Rotation>1 0 0 0 1 0 0 0 1</Rotation>
<Translation>1.1045489429225126 1.0470072310718705 1.1484514653819169</Translation>
</Transform>
</Instance>
<Instance name="base_2-1" uid="base_2-1" entityUid="base_2*:*Default">
<Transform>
<Rotation>-0.88741775861272176 0.46096607434688025 0 0 0 1 0.46096607434688025 0.88741775861272176 0</Rotation>
<Translation>1.1045489429225124 1.2202572310718702 1.1484514653819167</Translation>
</Transform>
</Instance>
<Instance name="base_plate_1_l-1" uid="base_plate_1_l-1" entityUid="base_plate_1_l*:*Default">
<Transform>
<Rotation>0.88741775861272176 0 0.46096607434687992 -1.0849915034380161e-16 1 0 -0.46096607434687992 0 0.88741775861272176</Rotation>
<Translation>1.0587962190627105 1.2647572310718704 1.1243257970775784</Translation>
</Transform>
</Instance>
<Instance name="base_plate_1_r-1" uid="base_plate_1_r-1" entityUid="base_plate_1_r*:*Default">
<Transform>
<Rotation>0.88741775861272176 0 0.46096607434688008 -1.0840824754929407e-16 1 0 -0.46096607434688008 0 0.88741775861272176</Rotation>
<Translation>1.0933686746387272 1.2647572310718704 1.1908821289735332</Translation>
</Transform>
</Instance>
<Instance name="Linkage3-1" uid="Linkage3-1" entityUid="Linkage3*:*Default">
<Transform>
<Rotation>0.71044675851713246 0.46096607434687892 0.53176656684463242 0.59922912482158375 -1.3742067041690365e-15 -0.80057757648185413 -0.36903910264097778 0.88741775861272221 -0.27622429730332232</Rotation>
<Translation>1.0174809047853788 1.2855997360932805 1.1609995709760261</Translation>
</Transform>
</Instance>
<Instance name="linkage_1-1" uid="linkage_1-1" entityUid="linkage_1*:*Default">
<Transform>
<Rotation>-0.20642725315725102 -0.46096607434687992 -0.86307477512390485 0.97256874425538709 1.1837057823088504e-16 -0.23261564370759688 0.10722792011156353 -0.88741775861272165 0.44832119607188037</Rotation>
<Translation>1.1103404560341579 1.2730072310718707 1.1313572716762186</Translation>
</Transform>
</Instance>
<Instance name="GP25260000part-1" uid="GP25260000part-1" entityUid="GP25260000part*:*Default">
<Transform>
<Rotation>0.46096607434688103 0.86892891140801376 0.18020217873408115 1.6847824134066935e-15 -0.20306352558888127 0.97916556545632949 0.88741775861272121 -0.45136210684404793 -0.093605396233745475</Rotation>
<Translation>0.25496368495868882 0.7761683437908502 0.86932608906090036</Translation>
</Transform>
</Instance>
</InstanceTree>
<Constraints>
<Coincident name="Coincident1">
<ConstraintGeometry geomType="plane">
<InstancePath>
<Uid>RA25262001_prototype_base-1</Uid>
</InstancePath>
<Position>0 0.16149999999999998 0</Position>
<Axis>0 1 0</Axis>
</ConstraintGeometry>
<ConstraintGeometry geomType="plane">
<InstancePath>
<Uid>base_2-1</Uid>
</InstancePath>
<Position>0 0 -0.011749999999999927</Position>
<Axis>0 0 -1</Axis>
</ConstraintGeometry>
</Coincident>
<Concentric name="Concentric1">
<ConstraintGeometry geomType="cylinder">
<InstancePath>
<Uid>RA25262001_prototype_base-1</Uid>
</InstancePath>
<Position>0 0.16149999999999998 0</Position>
<Axis>0 -1 0</Axis>
</ConstraintGeometry>
<ConstraintGeometry geomType="cylinder">
<InstancePath>
<Uid>base_2-1</Uid>
</InstancePath>
<Position>0 0 0.020000000000000018</Position>
<Axis>0 0 -1</Axis>
</ConstraintGeometry>
</Concentric>
<Coincident name="Coincident4">
<ConstraintGeometry geomType="plane">
<InstancePath>
<Uid>base_2-1</Uid>
</InstancePath>
<Position>0 0 0.020000000000000018</Position>
<Axis>0 0 1</Axis>
</ConstraintGeometry>
<ConstraintGeometry geomType="plane">
<InstancePath>
<Uid>base_plate_1_r-1</Uid>
</InstancePath>
<Position>0 -0.024499999999999966 0</Position>
<Axis>1.0842021724887358e-16 -1 0</Axis>
</ConstraintGeometry>
</Coincident>
<Coincident name="Coincident5">
<ConstraintGeometry geomType="plane">
<InstancePath>
<Uid>base_2-1</Uid>
</InstancePath>
<Position>0 0 0.020000000000000018</Position>
<Axis>0 0 1</Axis>
</ConstraintGeometry>
<ConstraintGeometry geomType="plane">
<InstancePath>
<Uid>base_plate_1_l-1</Uid>
</InstancePath>
<Position>0 -0.024499999999999966 0</Position>
<Axis>1.0842021724880262e-16 -1 0</Axis>
</ConstraintGeometry>
</Coincident>
<Concentric name="Concentric2">
<ConstraintGeometry geomType="cylinder">
<InstancePath>
<Uid>base_plate_1_l-1</Uid>
</InstancePath>
<Position>0.042499999999999982 0.0082500000000000906 0</Position>
<Axis>0 0 1</Axis>
</ConstraintGeometry>
<ConstraintGeometry geomType="cylinder">
<InstancePath>
<Uid>base_plate_1_r-1</Uid>
</InstancePath>
<Position>0.042499999999999982 0.0082500000000000906 0</Position>
<Axis>0 0 1.0000000000000002</Axis>
</ConstraintGeometry>
</Concentric>
<Distance name="Distance1">
<ConstraintGeometry geomType="plane">
<InstancePath>
<Uid>base_plate_1_r-1</Uid>
</InstancePath>
<Position>0 0 0</Position>
<Axis>0 0 -1.0000000000000002</Axis>
</ConstraintGeometry>
<ConstraintGeometry geomType="plane">
<InstancePath>
<Uid>base_plate_1_l-1</Uid>
</InstancePath>
<Position>0 0 0.0099999999999997868</Position>
<Axis>0 0 1</Axis>
</ConstraintGeometry>
</Distance>
<Distance name="Distance2">
<ConstraintGeometry geomType="plane">
<InstancePath>
<Uid>base_plate_1_l-1</Uid>
</InstancePath>
<Position>0 0 0.0099999999999997868</Position>
<Axis>0 0 1</Axis>
</ConstraintGeometry>
<ConstraintGeometry geomType="line">
<InstancePath>
<Uid>base_2-1</Uid>
</InstancePath>
<Position>0 0 0</Position>
<Axis>1.0000000000000002 0 0</Axis>
</ConstraintGeometry>
</Distance>
<Coincident name="Coincident9">
<ConstraintGeometry geomType="circle">
<InstancePath>
<Uid>base_2-1</Uid>
</InstancePath>
<Position>0 0 0.020000000000000018</Position>
<Axis>0 0 1</Axis>
</ConstraintGeometry>
<ConstraintGeometry geomType="point">
<InstancePath>
<Uid>base_plate_1_r-1</Uid>
</InstancePath>
<Position>0.11999999999999988 -0.024499999999999744 0.0099999999999997868</Position>
</ConstraintGeometry>
</Coincident>
<Concentric name="Concentric3">
<ConstraintGeometry geomType="cylinder">
<InstancePath>
<Uid>base_plate_1_l-1</Uid>
</InstancePath>
<Position>0.042499999999999982 0.09275000000000011 0</Position>
<Axis>0 0 1</Axis>
</ConstraintGeometry>
<ConstraintGeometry geomType="cylinder">
<InstancePath>
<Uid>Linkage3-1</Uid>
</InstancePath>
<Position>0.11999999999999988 0.0030000000000001137 -1.1102230246251565e-16</Position>
<Axis>0 -1 0</Axis>
</ConstraintGeometry>
</Concentric>
<Distance name="Distance3">
<ConstraintGeometry geomType="plane">
<InstancePath>
<Uid>Linkage3-1</Uid>
</InstancePath>
<Position>0 0 0</Position>
<Axis>0 -1 0</Axis>
</ConstraintGeometry>
<ConstraintGeometry geomType="plane">
<InstancePath>
<Uid>base_plate_1_l-1</Uid>
</InstancePath>
<Position>0 0 0.0099999999999997868</Position>
<Axis>0 0 1</Axis>
</ConstraintGeometry>
</Distance>
<Concentric name="Concentric4">
<ConstraintGeometry geomType="cylinder">
<InstancePath>
<Uid>base_plate_1_l-1</Uid>
</InstancePath>
<Position>0.042499999999999982 0.0082500000000000906 0</Position>
<Axis>0 0 1</Axis>
</ConstraintGeometry>
<ConstraintGeometry geomType="cylinder">
<InstancePath>
<Uid>linkage_1-1</Uid>
</InstancePath>
<Position>0 0 0</Position>
<Axis>0 1.0000000000000002 0</Axis>
</ConstraintGeometry>
</Concentric>
<Distance name="Distance4">
<ConstraintGeometry geomType="plane">
<InstancePath>
<Uid>linkage_1-1</Uid>
</InstancePath>
<Position>0 0.0030000000000001137 -4.4408920985006262e-16</Position>
<Axis>0 1.0000000000000002 0</Axis>
</ConstraintGeometry>
<ConstraintGeometry geomType="plane">
<InstancePath>
<Uid>base_plate_1_l-1</Uid>
</InstancePath>
<Position>0 0 0.0099999999999997868</Position>
<Axis>0 0 1</Axis>
</ConstraintGeometry>
</Distance>
<Concentric name="Concentric5">
<ConstraintGeometry geomType="cylinder">
<InstancePath>
<Uid>base_plate_1_r-1</Uid>
</InstancePath>
<Position>0.042499999999999982 0.0082500000000000906 0</Position>
<Axis>0 0 1.0000000000000002</Axis>
</ConstraintGeometry>
<ConstraintGeometry geomType="cylinder">
<InstancePath>
<Uid>linkage_1-2</Uid>
</InstancePath>
<Position>0 0 0</Position>
<Axis>0 1 0</Axis>
</ConstraintGeometry>
</Concentric>
<Concentric name="Concentric6">
<ConstraintGeometry geomType="cylinder">
<InstancePath>
<Uid>linkage_1-1</Uid>
</InstancePath>
<Position>0.35000000000000009 0 -1.1102230246251565e-16</Position>
<Axis>0 1.0000000000000002 0</Axis>
</ConstraintGeometry>
<ConstraintGeometry geomType="cylinder">
<InstancePath>
<Uid>linkage_1-2</Uid>
</InstancePath>
<Position>0.34999999999999964 2.2204460492503131e-16 1.1102230246251565e-16</Position>
<Axis>0 1 0</Axis>
</ConstraintGeometry>
</Concentric>
<Distance name="Distance5">
<ConstraintGeometry geomType="plane">
<InstancePath>
<Uid>linkage_1-1</Uid>
</InstancePath>
<Position>0 0 0</Position>
<Axis>0 -1.0000000000000002 0</Axis>
</ConstraintGeometry>
<ConstraintGeometry geomType="plane">
<InstancePath>
<Uid>linkage_1-2</Uid>
</InstancePath>
<Position>-2.2204460492503131e-16 0.0029999999999998916 -2.2204460492503131e-16</Position>
<Axis>0 1 0</Axis>
</ConstraintGeometry>
</Distance>
<Concentric name="Concentric7">
<ConstraintGeometry geomType="cylinder">
<InstancePath>
<Uid>Linkage3-1</Uid>
</InstancePath>
<Position>0 0.0030000000000001137 0</Position>
<Axis>0 -1 0</Axis>
</ConstraintGeometry>
<ConstraintGeometry geomType="cylinder">
<InstancePath>
<Uid>Linkage2-1</Uid>
</InstancePath>
<Position>-0.28000000000000003 -1.1102230246251565e-16 -0.0099999999999997868</Position>
<Axis>0 0 0.99999999999999989</Axis>
</ConstraintGeometry>
</Concentric>
<Distance name="Distance6">
<ConstraintGeometry geomType="plane">
<InstancePath>
<Uid>Linkage3-1</Uid>
</InstancePath>
<Position>0 0.0030000000000001137 0</Position>
<Axis>0 1 0</Axis>
</ConstraintGeometry>
<ConstraintGeometry geomType="plane">
<InstancePath>
<Uid>Linkage2-1</Uid>
</InstancePath>
<Position>0 -3.3306690738754696e-16 -0.0029999999999998916</Position>
<Axis>0 0 -0.99999999999999989</Axis>
</ConstraintGeometry>
</Distance>
<Concentric name="Concentric8">
<ConstraintGeometry geomType="cylinder">
<InstancePath>
<Uid>Linkage2-1</Uid>
</InstancePath>
<Position>0 -1.1102230246251565e-16 -0.010000000000000009</Position>
<Axis>0 0 0.99999999999999989</Axis>
</ConstraintGeometry>
<ConstraintGeometry geomType="circle">
<InstancePath>
<Uid>Linkage2_62-1</Uid>
</InstancePath>
<Position>-0.61999999999999988 2.2204460492503131e-16 -0.0030000000000001137</Position>
<Axis>0 0 0.99999999999999989</Axis>
</ConstraintGeometry>
</Concentric>
<Concentric name="Concentric9">
<ConstraintGeometry geomType="circle">
<InstancePath>
<Uid>linkage_1-2</Uid>
</InstancePath>
<Position>0.34999999999999964 2.2204460492503131e-16 1.1102230246251565e-16</Position>
<Axis>0 1 0</Axis>
</ConstraintGeometry>
<ConstraintGeometry geomType="cylinder">
<InstancePath>
<Uid>Linkage2_62-1</Uid>
</InstancePath>
<Position>-0.49999999999999978 2.2204460492503131e-16 -0.010000000000000009</Position>
<Axis>0 0 0.99999999999999989</Axis>
</ConstraintGeometry>
</Concentric>
<Concentric name="Concentric11">
<ConstraintGeometry geomType="cylinder">
<InstancePath>
<Uid>Linkage2-1</Uid>
</InstancePath>
<Position>0 -1.1102230246251565e-16 -0.010000000000000009</Position>
<Axis>0 0 0.99999999999999989</Axis>
</ConstraintGeometry>
<ConstraintGeometry geomType="circle">
<InstancePath>
<Uid>Linkage2_62-2</Uid>
</InstancePath>
<Position>-0.62000000000000011 -2.2204460492503131e-16 -0.0029999999999998916</Position>
<Axis>0 -1.1102230246251565e-16 1</Axis>
</ConstraintGeometry>
</Concentric>
<Concentric name="Concentric12">
<ConstraintGeometry geomType="cylinder">
<InstancePath>
<Uid>linkage_1-2</Uid>
</InstancePath>
<Position>0.34999999999999964 2.2204460492503131e-16 1.1102230246251565e-16</Position>
<Axis>0 1 0</Axis>
</ConstraintGeometry>
<ConstraintGeometry geomType="cylinder">
<InstancePath>
<Uid>Linkage2_62-2</Uid>
</InstancePath>
<Position>-0.5 0 -0.010000000000000231</Position>
<Axis>0 -1.1102230246251565e-16 1</Axis>
</ConstraintGeometry>
</Concentric>
<Distance name="Distance7">
<ConstraintGeometry geomType="plane">
<InstancePath>
<Uid>Linkage2_62-1</Uid>
</InstancePath>
<Position>0 0 0</Position>
<Axis>0 0 0.99999999999999989</Axis>
</ConstraintGeometry>
<ConstraintGeometry geomType="plane">
<InstancePath>
<Uid>Linkage2_62-2</Uid>
</InstancePath>
<Position>2.2204460492503131e-16 0 -0.0029999999999998916</Position>
<Axis>0 1.1102230246251565e-16 -1</Axis>
</ConstraintGeometry>
</Distance>
<Distance name="Distance8">
<ConstraintGeometry geomType="plane">
<InstancePath>
<Uid>Linkage2_62-1</Uid>
</InstancePath>
<Position>0 0 0</Position>
<Axis>0 0 0.99999999999999989</Axis>
</ConstraintGeometry>
<ConstraintGeometry geomType="plane">
<InstancePath>
<Uid>linkage_1-1</Uid>
</InstancePath>
<Position>0 0.0030000000000001137 -4.4408920985006262e-16</Position>
<Axis>0 1.0000000000000002 0</Axis>
</ConstraintGeometry>
</Distance>
<Concentric name="Concentric13">
<ConstraintGeometry geomType="cylinder">
<InstancePath>
<Uid>Linkage2_62-2</Uid>
</InstancePath>
<Position>0 0 -0.0099999999999997868</Position>
<Axis>0 -1.1102230246251565e-16 1</Axis>
</ConstraintGeometry>
<ConstraintGeometry geomType="cylinder">
<InstancePath>
<Uid>GP25260000part-1</Uid>
</InstancePath>
<Position>0.56794474860180433 0.7419091270000735 1.2728276897900013</Position>
<Axis>1.0000000000000002 0 0</Axis>
</ConstraintGeometry>
</Concentric>
<Concentric name="Concentric14">
<ConstraintGeometry geomType="circle">
<InstancePath>
<Uid>Linkage2_62-2</Uid>
</InstancePath>
<Position>2.2204460492503131e-16 0 -0.0029999999999998916</Position>
<Axis>0 -1.1102230246251565e-16 1</Axis>
</ConstraintGeometry>
<ConstraintGeometry geomType="circle">
<InstancePath>
<Uid>GP25260000part-1</Uid>
</InstancePath>
<Position>0.69522079701329353 0.74190912699862221 1.2728276897902955</Position>
<Axis>-1.0000000000000002 0 0</Axis>
</ConstraintGeometry>
</Concentric>
<Distance name="Distance9">
<ConstraintGeometry geomType="plane">
<InstancePath>
<Uid>GP25260000part-1</Uid>
</InstancePath>
<Position>0.69522079701329376 0.75205955731877638 1.2789293588085677</Position>
<Axis>-1.0000000000000002 0 0</Axis>
</ConstraintGeometry>
<ConstraintGeometry geomType="plane">
<InstancePath>
<Uid>Linkage2_62-2</Uid>
</InstancePath>
<Position>2.2204460492503131e-16 0 -0.0029999999999998916</Position>
<Axis>0 1.1102230246251565e-16 -1</Axis>
</ConstraintGeometry>
</Distance>
</Constraints>
</RootAssembly>
<Assemblies>
</Assemblies>
<Parts>
<Part name="GP25260000part" uid="GP25260000part*:*Default" version="362">
<ModelUnits mass="kilogram" length="millimeter"/>
<PartFile name="GP25260000part.SLDPRT" type="SolidWorks Part"/>
<MassProperties>
<Mass>1.0566639206742845</Mass>
<CenterOfMass>0.64573282343137695 0.88707320847794169 1.2453306341642583</CenterOfMass>
<Inertia>0.0055360591464988897 0.0026233291148501448 0.0053866446026972093 0.00072717544737019237 -2.030020553708432e-05 3.0675926363220779e-05</Inertia>
</MassProperties>
<GeometryFile name="GP25260000part_Default_sldprt.STEP" type="STEP"/>
<VisualProperties>
<Ambient r="0.792156862745098" g="0.81960784313725488" b="0.93333333333333335" a="1"/>
<Diffuse r="0.792156862745098" g="0.81960784313725488" b="0.93333333333333335" a="1"/>
<Specular r="0.396078431372549" g="0.40980392156862744" b="0.46666666666666667" a="1"/>
<Emissive r="0" g="0" b="0" a="1"/>
<Shininess>0.3125</Shininess>
</VisualProperties>
</Part>
<Part name="Linkage2" uid="Linkage2*:*Default" version="175">
<ModelUnits mass="kilogram" length="millimeter"/>
<PartFile name="Linkage2.SLDPRT" type="SolidWorks Part"/>
<MassProperties>
<Mass>0.058551148959448837</Mass>
<CenterOfMass>-0.14012150934857015 0.0084226406377951556 -0.0015</CenterOfMass>
<Inertia>1.9948067429160064e-05 0.00059852756646983031 0.00061838780717555131 0 0 8.7314853087582605e-07</Inertia>
</MassProperties>
<GeometryFile name="Linkage2_Default_sldprt.STEP" type="STEP"/>
<VisualProperties>
<Ambient r="0.792156862745098" g="0.81960784313725488" b="0.93333333333333335" a="1"/>
<Diffuse r="0.792156862745098" g="0.81960784313725488" b="0.93333333333333335" a="1"/>
<Specular r="0.396078431372549" g="0.40980392156862744" b="0.46666666666666667" a="1"/>
<Emissive r="0" g="0" b="0" a="1"/>
<Shininess>0.3125</Shininess>
</VisualProperties>
</Part>
<Part name="Linkage2_62" uid="Linkage2_62*:*Default" version="243">
<ModelUnits mass="kilogram" length="millimeter"/>
<PartFile name="Linkage2_62.SLDPRT" type="SolidWorks Part"/>
<MassProperties>
<Mass>0.13682561890642095</Mass>
<CenterOfMass>-0.30288314522755649 -1.1441737388850255e-14 -0.0014999999999999998</CenterOfMass>
<Inertia>5.6558711622774179e-05 0.0050690696286560758 0.0051254231018504903 0 0 0</Inertia>
</MassProperties>
<GeometryFile name="Linkage2_62_Default_sldprt.STEP" type="STEP"/>
<VisualProperties>
<Ambient r="0.792156862745098" g="0.81960784313725488" b="0.93333333333333335" a="1"/>
<Diffuse r="0.792156862745098" g="0.81960784313725488" b="0.93333333333333335" a="1"/>
<Specular r="0.396078431372549" g="0.40980392156862744" b="0.46666666666666667" a="1"/>
<Emissive r="0" g="0" b="0" a="1"/>
<Shininess>0.3125</Shininess>
</VisualProperties>
</Part>
<Part name="Linkage3" uid="Linkage3*:*Default" version="114">
<ModelUnits mass="kilogram" length="millimeter"/>
<PartFile name="Linkage3.SLDPRT" type="SolidWorks Part"/>
<MassProperties>
<Mass>0.012241991027997711</Mass>
<CenterOfMass>0.060000000000000005 0.0015 0</CenterOfMass>
<Inertia>9.3235658321840714e-07 2.0807517880686586e-05 1.9893524284010175e-05 0 0 0</Inertia>
</MassProperties>
<GeometryFile name="Linkage3_Default_sldprt.STEP" type="STEP"/>
<VisualProperties>
<Ambient r="0.792156862745098" g="0.81960784313725488" b="0.93333333333333335" a="1"/>
<Diffuse r="0.792156862745098" g="0.81960784313725488" b="0.93333333333333335" a="1"/>
<Specular r="0.396078431372549" g="0.40980392156862744" b="0.46666666666666667" a="1"/>
<Emissive r="0" g="0" b="0" a="1"/>
<Shininess>0.3125</Shininess>
</VisualProperties>
</Part>
<Part name="RA25262001_prototype_base" uid="RA25262001_prototype_base*:*Default" version="108">
<ModelUnits mass="kilogram" length="millimeter"/>
<PartFile name="RA25262001_prototype_base.SLDPRT" type="SolidWorks Part"/>
<MassProperties>
<Mass>11.415762304981914</Mass>
<CenterOfMass>0 0.080750000000000002 0</CenterOfMass>
<Inertia>0.089026060163782839 0.12842732593104655 0.089026060163782811 0 0 0</Inertia>
</MassProperties>
<GeometryFile name="RA25262001_prototype_base_Default_sldprt.STEP" type="STEP"/>
<VisualProperties>
<Ambient r="0.792156862745098" g="0.81960784313725488" b="0.93333333333333335" a="1"/>
<Diffuse r="0.792156862745098" g="0.81960784313725488" b="0.93333333333333335" a="1"/>
<Specular r="0.396078431372549" g="0.40980392156862744" b="0.46666666666666667" a="1"/>
<Emissive r="0" g="0" b="0" a="1"/>
<Shininess>0.3125</Shininess>
</VisualProperties>
</Part>
<Part name="base_2" uid="base_2*:*Default" version="127">
<ModelUnits mass="kilogram" length="millimeter"/>
<PartFile name="base_2.SLDPRT" type="SolidWorks Part"/>
<MassProperties>
<Mass>0.66379889274943848</Mass>
<CenterOfMass>0 0 0.0082123191942497092</CenterOfMass>
<Inertia>0.0017742650516062016 0.0017742650516062014 0.0034741064285904459 0 0 0</Inertia>
</MassProperties>
<GeometryFile name="base_2_Default_sldprt.STEP" type="STEP"/>
<VisualProperties>
<Ambient r="0.792156862745098" g="0.81960784313725488" b="0.93333333333333335" a="1"/>
<Diffuse r="0.792156862745098" g="0.81960784313725488" b="0.93333333333333335" a="1"/>
<Specular r="0.396078431372549" g="0.40980392156862744" b="0.46666666666666667" a="1"/>
<Emissive r="0" g="0" b="0" a="1"/>
<Shininess>0.3125</Shininess>
</VisualProperties>
</Part>
<Part name="base_plate_1_l" uid="base_plate_1_l*:*Default" version="564">
<ModelUnits mass="kilogram" length="millimeter"/>
<PartFile name="base_plate_1_l.SLDPRT" type="SolidWorks Part"/>
<MassProperties>
<Mass>0.14446830421106679</Mass>
<CenterOfMass>0.045615151216917608 0.034859998699738541 0.0050000000000000001</CenterOfMass>
<Inertia>0.00023906231518756096 0.0002273141780721811 0.00046396868818955774 0 0 -3.6967037527566462e-06</Inertia>
</MassProperties>
<GeometryFile name="base_plate_1_l_Default_sldprt.STEP" type="STEP"/>
<VisualProperties>
<Ambient r="0.792156862745098" g="0.81960784313725488" b="0.93333333333333335" a="1"/>
<Diffuse r="0.792156862745098" g="0.81960784313725488" b="0.93333333333333335" a="1"/>
<Specular r="0.396078431372549" g="0.40980392156862744" b="0.46666666666666667" a="1"/>
<Emissive r="0" g="0" b="0" a="1"/>
<Shininess>0.3125</Shininess>
</VisualProperties>
</Part>
<Part name="base_plate_1_r" uid="base_plate_1_r*:*Default" version="483">
<ModelUnits mass="kilogram" length="millimeter"/>
<PartFile name="base_plate_1_r.SLDPRT" type="SolidWorks Part"/>
<MassProperties>
<Mass>0.14446830421106679</Mass>
<CenterOfMass>0.045615151216917615 0.034795957037345213 0.0050000000000000001</CenterOfMass>
<Inertia>0.00023934346193646858 0.0002273141780721811 0.00046424983493846523 0 0 -3.7255251018005254e-06</Inertia>
</MassProperties>
<GeometryFile name="base_plate_1_r_Default_sldprt.STEP" type="STEP"/>
<VisualProperties>
<Ambient r="0.792156862745098" g="0.81960784313725488" b="0.93333333333333335" a="1"/>
<Diffuse r="0.792156862745098" g="0.81960784313725488" b="0.93333333333333335" a="1"/>
<Specular r="0.396078431372549" g="0.40980392156862744" b="0.46666666666666667" a="1"/>
<Emissive r="0" g="0" b="0" a="1"/>
<Shininess>0.3125</Shininess>
</VisualProperties>
</Part>
<Part name="linkage_1" uid="linkage_1*:*Default" version="141">
<ModelUnits mass="kilogram" length="millimeter"/>
<PartFile name="linkage_1.SLDPRT" type="SolidWorks Part"/>
<MassProperties>
<Mass>0.059908771889775059</Mass>
<CenterOfMass>0.17642827370778161 0.0015000000000000002 5.2912653094737721e-08</CenterOfMass>
<Inertia>1.5146991860510108e-05 0.0010092993893640711 0.00099424226053034166 0 4.5275306190098986e-12 0</Inertia>
</MassProperties>
<GeometryFile name="linkage_1_Default_sldprt.STEP" type="STEP"/>
<VisualProperties>
<Ambient r="0.792156862745098" g="0.81960784313725488" b="0.93333333333333335" a="1"/>
<Diffuse r="0.792156862745098" g="0.81960784313725488" b="0.93333333333333335" a="1"/>
<Specular r="0.396078431372549" g="0.40980392156862744" b="0.46666666666666667" a="1"/>
<Emissive r="0" g="0" b="0" a="1"/>
<Shininess>0.3125</Shininess>
</VisualProperties>
</Part>
</Parts>
</SimscapeMultibodyImportXML>
